 135 137 136 137 138 138 138 136 107 134 137 140 142 143 143 137
 131 134 136 136 138 138 140 109  79 136 137 139 141 141 141 143
 130 132 134 135 137 138 137  68  82 136 139 140 139 139 139 139
 128 128 131 135 136 137 137  51  63 135 136 137 139 139 137 138
 127 128 129 130 134 136 130  48  47 121 136 136 139 140 137 131
 128 127 129 132 134 133  95  56  37 104 135 137 138 140 139 135
 128 129 128 131 131 132 111  35  41  63 133 136 136 140 142 137
 128 129 129 130 131 132 131  39  43  62 133 134 137 138 139 137
 129 129 131 130 131 132 131 113  23  95 125 133 136 137 138 135
 128 129 128 129 130 120 104 104  79  77  93 121 133 135 136 136
 126 128 127 128 130  92  84  80  98  73  65 129 133 134 134 135
 125 127 128 129 128  97  77  78  99  67  66 125 132 134 134 130
 123 127 127 128 129 115 101 105 106  50  92 111 131 132 132 129
 122 124 127 126 128  51 123 112  75  78 109 129 130 130 132 130
 121 123 125 125 104  79  51  61  76  90 122 126 128 128 129 129
 115 117 119 119 120 104  93  74  94 111 111 115 112 110 109 105
 134 137 136 136 138 139 138 135 105 134 135 138 140 140 140 136
 131 134 135 136 137 138 138 107  79 134 136 137 138 139 139 137
 130 132 133 136 135 136 136  65  80 133 135 136 136 137 137 134
 127 128 130 132 134 135 135  50  64 133 134 135 136 136 134 132
 126 127 129 131 134 134 126  51  49 119 133 134 136 136 133 128
 127 127 128 130 132 133  96  57  33 102 133 133 134 137 137 129
 127 128 128 129 131 132 111  36  42  61 131 133 133 137 137 132
 129 129 128 130 131 132 130  40  43  59 130 132 133 135 136 133
 129 129 128 129 130 130 129 110  24  93 124 127 133 133 134 132
 128 128 129 129 129 121 104 105  77  76  93 116 130 131 132 130
 125 127 128 128 129  93  85  78  98  74  64 124 130 131 129 130
 124 126 127 127 128  96  75  77  98  69  64 121 128 129 129 129
 123 125 127 127 127 114 101 103 105  49  89 108 128 128 128 125
 121 124 125 125 126  52 121 111  73  75 107 125 127 128 128 124
 120 122 123 124 104  77  50  60  75  90 120 125 125 124 124 123
 115 119 118 122 121 101  91  78  94 111 112 113 111 108 107 104
 122 125 125 126 126 127 127 124  96 122 124 127 127 129 130 127
 121 124 125 125 126 126 126 100  72 123 124 125 128 129 129 128
 119 120 122 123 124 125 125  60  71 123 124 126 127 126 129 124
 117 118 118 121 124 124 123  47  57 120 123 124 126 126 124 120
 115 117 118 119 122 122 118  45  46 106 124 123 125 125 124 118
 116 116 118 118 122 122  89  50  29  94 122 123 123 127 126 118
 117 118 116 119 120 121 100  31  41  53 119 122 123 126 127 124
 117 117 116 119 120 121 117  36  39  54 118 120 122 124 126 123
 118 117 117 117 118 119 117 101  22  82 114 115 121 122 126 122
 116 116 116 117 117 110  93  94  70  66  88 103 121 122 121 120
 113 115 116 116 117  85  76  70  85  68  62 115 120 120 120 119
 112 114 116 115 116  88  71  69  88  64  58 111 118 118 119 116
 112 113 114 115 115 104  90  94  95  45  80  96 115 118 118 116
 110 112 113 116 114  48 110 100  69  69  96 114 117 116 116 115
 109 110 113 113  93  69  44  55  69  82 108 113 115 114 114 114
 104 110 108 109 108  92  86  70  84 100 102 102 103  97  96  96

 137 143 139 138 131 135 137 137 135 136 135 130 129 130 129 105
 143 141 139 137 137 139 142 139 138 136 134 134 132 132 129 109
 143 141 139 139 140 140 140 138 137 135 134 134 132 130 128 110
 142 141 139 139 139 138 136 137 136 133 133 132 131 130 128 112
 140 139 140 137 136 137 136 134 133 121 129 125 111 129 126 115
 137 137 139 136 136 135 133 133 125  93  65  66  92 109 122 111
 134 136 136 135 121 104  63  62  95  77  73  67  50  78  90 111
 107  79  82  63  47  37  41  43  23  79  98  99 106  75  76  94
 136 109  68  51  48  56  35  39 113 104  80  78 105 112  61  74
 138 140 137 137 130  95 111 131 131 104  84  77 101 123  51  93
 138 138 138 137 136 133 132 132 132 120  92  97 115  51  79 104
 138 138 137 136 134 134 131 131 131 130 130 128 129 128 104 120
 137 136 135 135 130 132 131 130 130 129 128 129 128 126 125 119
 136 136 134 131 129 129 128 129 131 128 127 128 127 127 125 119
 137 134 132 128 128 127 129 129 129 129 128 127 127 124 123 117
 135 131 130 128 127 128 128 128 129 128 126 125 123 122 121 115
 136 137 134 132 128 129 132 133 132 130 130 129 125 124 123 104
 140 139 137 134 133 137 137 136 134 132 129 129 128 128 124 107
 140 139 137 136 136 137 137 135 133 131 131 129 128 128 124 108
 140 138 136 136 136 134 133 133 133 130 130 128 128 127 125 111
 138 137 136 135 134 133 133 132 127 116 124 121 108 125 125 113
 135 136 135 134 133 133 131 130 124  93  64  64  89 107 120 112
 134 134 133 133 119 102  61  59  93  76  74  69  49  75  90 111
 105  79  80  64  49  33  42  43  24  77  98  98 105  73  75  94
 135 107  65  50  51  57  36  40 110 105  78  77 103 111  60  78
 138 138 136 135 126  96 111 130 129 104  85  75 101 121  50  91
 139 138 136 135 134 133 132 132 130 121  93  96 114  52  77 101
 138 137 135 134 134 132 131 131 130 129 129 128 127 126 104 121
 136 136 136 132 131 130 129 130 129 129 128 127 127 125 124 122
 136 135 133 130 129 128 128 128 128 129 128 127 127 125 123 118
 137 134 132 128 127 127 128 129 129 128 127 126 125 124 122 119
 134 131 130 127 126 127 127 129 129 128 125 124 123 121 120 115
 127 128 124 120 118 118 124 123 122 120 119 116 116 115 114  96
 130 129 129 124 124 126 127 126 126 121 120 119 118 116 114  96
 129 129 126 126 125 127 126 124 122 122 120 118 118 116 114  97
 127 128 127 126 125 123 123 122 121 121 120 118 115 117 115 103
 127 125 126 124 123 123 122 120 115 103 115 111  96 114 113 102
 124 124 124 123 124 122 119 118 114  88  62  58  80  96 108 102
 122 123 123 120 106  94  53  54  82  66  68  64  45  69  82 100
  96  72  71  57  46  29  41  39  22  70  85  88  95  69  69  84
 124 100  60  47  45  50  31  36 101  94  70  69  94 100  55  70
 127 126 125 123 118  89 100 117 117  93  76  71  90 110  44  86
 127 126 125 124 122 122 121 121 119 110  85  88 104  48  69  92
 126 126 124 124 122 122 120 120 118 117 117 116 115 114  93 108
 126 125 123 121 119 118 119 119 117 117 116 115 115 116 113 109
 125 125 122 118 118 118 116 116 117 116 116 116 114 113 113 108
 125 124 120 118 117 116 118 117 117 116 115 114 113 112 110 110
 122 121 119 117 115 116 117 117 118 116 113 112 112 110 109 104

 105 109 110 112 115 111 111  94  74  93 104 120 119 119 117 115
 129 129 128 128 126 122  90  76  61  51  79 104 125 125 123 121
 130 132 130 130 129 109  78  75 112 123  51 128 126 127 124 122
 129 132 132 131 111  92  50 106 105 101 115 129 128 127 127 123
 130 134 134 132 125  66  67  99  78  77  97 128 129 128 127 125
 135 134 134 133 129  65  73  98  80  84  92 130 128 127 128 126
 136 136 135 133 121  93  77  79 104 104 120 130 129 128 129 128
 135 138 137 136 133 125  95  23 113 131 132 131 130 131 129 129
 137 139 138 137 134 133  62  43  39 131 132 131 130 129 129 128
 137 142 140 136 136 133  63  41  35 111 132 131 131 128 129 128
 135 139 140 138 137 135 104  37  56  95 133 134 132 129 127 128
 131 137 140 139 136 136 121  47  48 130 136 134 130 129 128 127
 138 137 139 139 137 136 135  63  51 137 137 136 135 131 128 128
 139 139 139 139 140 139 136  82  68 137 138 137 135 134 132 130
 143 141 141 141 139 137 136  79 109 140 138 138 136 136 134 131
 137 143 143 142 140 137 134 107 136 138 138 138 137 136 137 135
 104 107 108 111 113 112 111  94  78  91 101 121 122 118 119 115
 123 124 124 125 125 120  90  75  60  50  77 104 124 123 122 120
 124 128 128 127 125 107  75  73 111 121  52 126 125 125 124 121
 125 128 128 128 108  89  49 105 103 101 114 127 127 127 125 123
 129 129 129 128 121  64  69  98  77  75  96 128 127 127 126 124
 130 129 131 130 124  64  74  98  78  85  93 129 128 128 127 125
 130 132 131 130 116  93  76  77 105 104 121 129 129 129 128 128
 132 134 133 133 127 124  93  24 110 129 130 130 129 128 129 129
 133 136 135 133 132 130  59  43  40 130 132 131 130 128 129 129
 132 137 137 133 133 131  61  42  36 111 132 131 129 128 128 127
 129 137 137 134 133 133 102  33  57  96 133 132 130 128 127 127
 128 133 136 136 134 133 119  49  51 126 134 134 131 129 127 126
 132 134 136 136 135 134 133  64  50 135 135 134 132 130 128 127
 134 137 137 136 136 135 133  80  65 136 136 135 136 133 132 130
 137 139 139 138 137 136 134  79 107 138 138 137 136 135 134 131
 136 140 140 140 138 135 134 105 135 138 139 138 136 136 137 134
  96  96  97 103 102 102 100  84  70  86  92 108 109 108 110 104
 114 114 114 115 113 108  82  69  55  44  69  93 113 113 110 109
 115 116 116 117 114  96  69  69 100 110  48 114 116 113 112 110
 116 118 118 115  96  80  45  95  94  90 104 115 115 114 113 112
 116 119 118 118 111  58  64  88  69  71  88 116 115 116 114 112
 119 120 120 120 115  62  68  85  70  76  85 117 116 116 115 113
 120 121 122 121 103  88  66  70  94  93 110 117 117 116 116 116
 122 126 122 121 115 114  82  22 101 117 119 118 117 117 117 118
 123 126 124 122 120 118  54  39  36 117 121 120 119 116 117 117
 124 127 126 123 122 119  53  41  31 100 121 120 119 116 118 117
 118 126 127 123 123 122  94  29  50  89 122 122 118 118 116 116
 118 124 125 125 123 124 106  46  45 118 122 122 119 118 117 115
 120 124 126 126 124 123 120  57  47 123 124 124 121 118 118 117
 124 129 126 127 126 124 123  71  60 125 125 124 123 122 120 119
 128 129 129 128 125 124 123  72 100 126 126 126 125 125 124 121
 127 130 129 127 127 124 122  96 124 127 127 126 126 125 125 122

 115 121 122 123 125 126 128 129 128 128 128 127 128 130 131 135
 117 123 124 127 127 128 129 129 129 129 127 128 128 132 134 137
 119 125 127 127 128 127 128 131 129 128 129 129 131 134 136 136
 119 125 126 128 129 128 129 130 130 131 132 130 135 135 136 137
 120 104 128 129 128 130 130 131 131 131 134 134 136 137 138 138
 104  79  51 115  97  92 120 132 132 132 133 136 137 138 138 138
  93  51 123 101  77  84 104 131 131 111  95 130 137 137 140 138
  74  61 112 105  78  80 104 113  39  35  56  48  51  68 109 136
  94  76  75 106  99  98  79  23  43  41  37  47  63  82  79 107
 111  90  78  50  67  73  77  95  62  63 104 121 135 136 136 134
 111 122 109  92  66  65  93 125 133 133 135 136 136 139 137 137
 115 126 129 111 125 129 121 133 134 136 137 136 137 140 139 140
 112 128 130 131 132 133 133 136 137 136 138 139 139 139 141 142
 110 128 130 132 134 134 135 137 138 140 140 140 139 139 141 143
 109 129 132 132 134 134 136 138 139 142 139 137 137 139 141 143
 105 129 130 129 130 135 136 135 137 137 135 131 138 139 143 137
 115 120 121 123 124 125 128 129 129 127 127 126 127 130 131 134
 119 122 124 125 126 127 128 129 129 128 127 127 128 132 134 137
 118 123 125 127 127 128 129 128 128 128 128 129 130 133 135 136
 122 124 125 127 127 128 129 129 130 129 130 131 132 136 136 136
 121 104 126 127 128 129 129 130 131 131 132 134 134 135 137 138
 101  77  52 114  96  93 121 130 132 132 133 134 135 136 138 139
  91  50 121 101  75  85 104 129 130 111  96 126 135 136 138 138
  78  60 111 103  77  78 105 110  40  36  57  51  50  65 107 135
  94  75  73 105  98  98  77  24  43  42  33  49  64  80  79 105
 111  90  75  49  69  74  76  93  59  61 102 119 133 133 134 134
 112 120 107  89  64  64  93 124 130 131 133 133 134 135 136 135
 113 125 125 108 121 124 116 127 132 133 133 134 135 136 137 138
 111 125 127 128 128 130 130 133 133 133 134 136 136 136 138 140
 108 124 128 128 129 131 131 133 135 137 137 136 136 137 139 140
 107 124 128 128 129 129 132 134 136 137 137 133 134 137 139 140
 104 123 124 125 129 130 130 132 133 132 129 128 132 134 137 136
 104 109 110 112 112 113 116 118 117 117 116 115 117 119 121 122
 110 110 112 113 114 115 116 117 117 118 116 117 118 120 124 125
 108 113 113 114 116 116 116 117 116 116 118 118 118 122 125 125
 109 113 116 115 115 116 117 117 119 119 118 119 121 123 125 126
 108  93 114 115 116 117 117 118 120 120 122 122 124 124 126 126
  92  69  48 104  88  85 110 119 121 121 122 122 124 125 126 127
  86  44 110  90  71  76  93 117 117 100  89 118 123 125 126 127
  70  55 100  94  69  70  94 101  36  31  50  45  47  60 100 124
  84  69  69  95  88  85  70  22  39  41  29  46  57  71  72  96
 100  82  69  45  64  68  66  82  54  53  94 106 120 123 123 122
 102 108  96  80  58  62  88 114 118 119 122 124 123 124 124 124
 102 113 114  96 111 115 103 115 120 122 123 123 124 126 125 127
 103 115 117 115 118 120 121 121 122 123 123 125 126 127 128 127
  97 114 116 118 118 120 122 122 124 126 127 125 126 126 129 129
  96 114 116 118 119 120 121 126 126 127 126 124 124 129 129 130
  96 114 115 116 116 119 120 122 123 124 118 118 120 124 128 127

